-2.000000
-1.999375
-1.998750
-1.998125
-1.997500
-1.996875
-1.996250
-1.995625
-1.995000
-1.994375
-1.993750
-1.993125
-1.992500
-1.991875
-1.991250
-1.990625
-1.990000
-1.989375
-1.988750
-1.988125
-1.987500
-1.986875
-1.986250
-1.985625
-1.985000
-1.984375
-1.983750
-1.983125
-1.982500
-1.981875
-1.981250
-1.980625
-1.980000
-1.979375
-1.978750
-1.978125
-1.977500
-1.976875
-1.976250
-1.975625
-1.975000
-1.974375
-1.973750
-1.973125
-1.972500
-1.971875
-1.971250
-1.970625
-1.970000
-1.969375
-1.968750
-1.968125
-1.967500
-1.966875
-1.966250
-1.965625
-1.965000
-1.964375
-1.963750
-1.963125
-1.962500
-1.961875
-1.961250
-1.960625
-1.960000
-1.959375
-1.958750
-1.958125
-1.957500
-1.956875
-1.956250
-1.955625
-1.955000
-1.954375
-1.953750
-1.953125
-1.952500
-1.951875
-1.951250
-1.950625
-1.950000
-1.949375
-1.948750
-1.948125
-1.947500
-1.946875
-1.946250
-1.945625
-1.945000
-1.944375
-1.943750
-1.943125
-1.942500
-1.941875
-1.941250
-1.940625
-1.940000
-1.939375
-1.938750
-1.938125
-1.937500
-1.936875
-1.936250
-1.935625
-1.935000
-1.934375
-1.933750
-1.933125
-1.932500
-1.931875
-1.931250
-1.930625
-1.930000
-1.929375
-1.928750
-1.928125
-1.927500
-1.926875
-1.926250
-1.925625
-1.925000
-1.924375
-1.923750
-1.923125
-1.922500
-1.921875
-1.921250
-1.920625
-1.920000
-1.919375
-1.918750
-1.918125
-1.917500
-1.916875
-1.916250
-1.915625
-1.915000
-1.914375
-1.913750
-1.913125
-1.912500
-1.911875
-1.911250
-1.910625
-1.910000
-1.909375
-1.908750
-1.908125
-1.907500
-1.906875
-1.906250
-1.905625
-1.905000
-1.904375
-1.903750
-1.903125
-1.902500
-1.901875
-1.901250
-1.900625
-1.900000
-1.899375
-1.898750
-1.898125
-1.897500
-1.896875
-1.896250
-1.895625
-1.895000
-1.894375
-1.893750
-1.893125
-1.892500
-1.891875
-1.891250
-1.890625
-1.890000
-1.889375
-1.888750
-1.888125
-1.887500
-1.886875
-1.886250
-1.885625
-1.885000
-1.884375
-1.883750
-1.883125
-1.882500
-1.881875
-1.881250
-1.880625
-1.880000
-1.879375
-1.878750
-1.878125
-1.877500
-1.876875
-1.876250
-1.875625
-1.875000
-1.874375
-1.873750
-1.873125
-1.872500
-1.871875
-1.871250
-1.870625
-1.870000
-1.869375
-1.868750
-1.868125
-1.867500
-1.866875
-1.866250
-1.865625
-1.865000
-1.864375
-1.863750
-1.863125
-1.862500
-1.861875
-1.861250
-1.860625
-1.860000
-1.859375
-1.858750
-1.858125
-1.857500
-1.856875
-1.856250
-1.855625
-1.855000
-1.854375
-1.853750
-1.853125
-1.852500
-1.851875
-1.851250
-1.850625
-1.850000
-1.849375
-1.848750
-1.848125
-1.847500
-1.846875
-1.846250
-1.845625
-1.845000
-1.844375
-1.843750
-1.843125
-1.842500
-1.841875
-1.841250
-1.840625
-1.840000
-1.839375
-1.838750
-1.838125
-1.837500
-1.836875
-1.836250
-1.835625
-1.835000
-1.834375
-1.833750
-1.833125
-1.832500
-1.831875
-1.831250
-1.830625
-1.830000
-1.829375
-1.828750
-1.828125
-1.827500
-1.826875
-1.826250
-1.825625
-1.825000
-1.824375
-1.823750
-1.823125
-1.822500
-1.821875
-1.821250
-1.820625
-1.820000
-1.819375
-1.818750
-1.818125
-1.817500
-1.816875
-1.816250
-1.815625
-1.815000
-1.814375
-1.813750
-1.813125
-1.812500
-1.811875
-1.811250
-1.810625
-1.810000
-1.809375
-1.808750
-1.808125
-1.807500
-1.806875
-1.806250
-1.805625
-1.805000
-1.804375
-1.803750
-1.803125
-1.802500
-1.801875
-1.801250
-1.800625
-1.800000
-1.799375
-1.798750
-1.798125
-1.797500
-1.796875
-1.796250
-1.795625
-1.795000
-1.794375
-1.793750
-1.793125
-1.792500
-1.791875
-1.791250
-1.790625
-1.790000
-1.789375
-1.788750
-1.788125
-1.787500
-1.786875
-1.786250
-1.785625
-1.785000
-1.784375
-1.783750
-1.783125
-1.782500
-1.781875
-1.781250
-1.780625
-1.780000
-1.779375
-1.778750
-1.778125
-1.777500
-1.776875
-1.776250
-1.775625
-1.775000
-1.774375
-1.773750
-1.773125
-1.772500
-1.771875
-1.771250
-1.770625
-1.770000
-1.769375
-1.768750
-1.768125
-1.767500
-1.766875
-1.766250
-1.765625
-1.765000
-1.764375
-1.763750
-1.763125
-1.762500
-1.761875
-1.761250
-1.760625
-1.760000
-1.759375
-1.758750
-1.758125
-1.757500
-1.756875
-1.756250
-1.755625
-1.755000
-1.754375
-1.753750
-1.753125
-1.752500
-1.751875
-1.751250
-1.750625
-1.750000
-1.749375
-1.748750
-1.748125
-1.747500
-1.746875
-1.746250
-1.745625
-1.745000
-1.744375
-1.743750
-1.743125
-1.742500
-1.741875
-1.741250
-1.740625
-1.740000
-1.739375
-1.738750
-1.738125
-1.737500
-1.736875
-1.736250
-1.735625
-1.735000
-1.734375
-1.733750
-1.733125
-1.732500
-1.731875
-1.731250
-1.730625
-1.730000
-1.729375
-1.728750
-1.728125
-1.727500
-1.726875
-1.726250
-1.725625
-1.725000
-1.724375
-1.723750
-1.723125
-1.722500
-1.721875
-1.721250
-1.720625
-1.720000
-1.719375
-1.718750
-1.718125
-1.717500
-1.716875
-1.716250
-1.715625
-1.715000
-1.714375
-1.713750
-1.713125
-1.712500
-1.711875
-1.711250
-1.710625
-1.710000
-1.709375
-1.708750
-1.708125
-1.707500
-1.706875
-1.706250
-1.705625
-1.705000
-1.704375
-1.703750
-1.703125
-1.702500
-1.701875
-1.701250
-1.700625
-1.700000
-1.699375
-1.698750
-1.698125
-1.697500
-1.696875
-1.696250
-1.695625
-1.695000
-1.694375
-1.693750
-1.693125
-1.692500
-1.691875
-1.691250
-1.690625
-1.690000
-1.689375
-1.688750
-1.688125
-1.687500
-1.686875
-1.686250
-1.685625
-1.685000
-1.684375
-1.683750
-1.683125
-1.682500
-1.681875
-1.681250
-1.680625
-1.680000
-1.679375
-1.678750
-1.678125
-1.677500
-1.676875
-1.676250
-1.675625
-1.675000
-1.674375
-1.673750
-1.673125
-1.672500
-1.671875
-1.671250
-1.670625
-1.670000
-1.669375
-1.668750
-1.668125
-1.667500
-1.666875
-1.666250
-1.665625
-1.665000
-1.664375
-1.663750
-1.663125
-1.662500
-1.661875
-1.661250
-1.660625
-1.660000
-1.659375
-1.658750
-1.658125
-1.657500
-1.656875
-1.656250
-1.655625
-1.655000
-1.654375
-1.653750
-1.653125
-1.652500
-1.651875
-1.651250
-1.650625
-1.650000
-1.649375
-1.648750
-1.648125
-1.647500
-1.646875
-1.646250
-1.645625
-1.645000
-1.644375
-1.643750
-1.643125
-1.642500
-1.641875
-1.641250
-1.640625
-1.640000
-1.639375
-1.638750
-1.638125
-1.637500
-1.636875
-1.636250
-1.635625
-1.635000
-1.634375
-1.633750
-1.633125
-1.632500
-1.631875
-1.631250
-1.630625
-1.630000
-1.629375
-1.628750
-1.628125
-1.627500
-1.626875
-1.626250
-1.625625
-1.625000
-1.624375
-1.623750
-1.623125
-1.622500
-1.621875
-1.621250
-1.620625
-1.620000
-1.619375
-1.618750
-1.618125
-1.617500
-1.616875
-1.616250
-1.615625
-1.615000
-1.614375
-1.613750
-1.613125
-1.612500
-1.611875
-1.611250
-1.610625
-1.610000
-1.609375
-1.608750
-1.608125
-1.607500
-1.606875
-1.606250
-1.605625
-1.605000
-1.604375
-1.603750
-1.603125
-1.602500
-1.601875
-1.601250
-1.600625
-1.600000
-1.599375
-1.598750
-1.598125
-1.597500
-1.596875
-1.596250
-1.595625
-1.595000
-1.594375
-1.593750
-1.593125
-1.592500
-1.591875
-1.591250
-1.590625
-1.590000
-1.589375
-1.588750
-1.588125
-1.587500
-1.586875
-1.586250
-1.585625
-1.585000
-1.584375
-1.583750
-1.583125
-1.582500
-1.581875
-1.581250
-1.580625
-1.580000
-1.579375
-1.578750
-1.578125
-1.577500
-1.576875
-1.576250
-1.575625
-1.575000
-1.574375
-1.573750
-1.573125
-1.572500
-1.571875
-1.571250
-1.570625
-1.570000
-1.569375
-1.568750
-1.568125
-1.567500
-1.566875
-1.566250
-1.565625
-1.565000
-1.564375
-1.563750
-1.563125
-1.562500
-1.561875
-1.561250
-1.560625
-1.560000
-1.559375
-1.558750
-1.558125
-1.557500
-1.556875
-1.556250
-1.555625
-1.555000
-1.554375
-1.553750
-1.553125
-1.552500
-1.551875
-1.551250
-1.550625
-1.550000
-1.549375
-1.548750
-1.548125
-1.547500
-1.546875
-1.546250
-1.545625
-1.545000
-1.544375
-1.543750
-1.543125
-1.542500
-1.541875
-1.541250
-1.540625
-1.540000
-1.539375
-1.538750
-1.538125
-1.537500
-1.536875
-1.536250
-1.535625
-1.535000
-1.534375
-1.533750
-1.533125
-1.532500
-1.531875
-1.531250
-1.530625
-1.530000
-1.529375
-1.528750
-1.528125
-1.527500
-1.526875
-1.526250
-1.525625
-1.525000
-1.524375
-1.523750
-1.523125
-1.522500
-1.521875
-1.521250
-1.520625
-1.520000
-1.519375
-1.518750
-1.518125
-1.517500
-1.516875
-1.516250
-1.515625
-1.515000
-1.514375
-1.513750
-1.513125
-1.512500
-1.511875
-1.511250
-1.510625
-1.510000
-1.509375
-1.508750
-1.508125
-1.507500
-1.506875
-1.506250
-1.505625
-1.505000
-1.504375
-1.503750
-1.503125
-1.502500
-1.501875
-1.501250
-1.500625
-1.500000
-1.499375
-1.498750
-1.498125
-1.497500
-1.496875
-1.496250
-1.495625
-1.495000
-1.494375
-1.493750
-1.493125
-1.492500
-1.491875
-1.491250
-1.490625
-1.490000
-1.489375
-1.488750
-1.488125
-1.487500
-1.486875
-1.486250
-1.485625
-1.485000
-1.484375
-1.483750
-1.483125
-1.482500
-1.481875
-1.481250
-1.480625
-1.480000
-1.479375
-1.478750
-1.478125
-1.477500
-1.476875
-1.476250
-1.475625
-1.475000
-1.474375
-1.473750
-1.473125
-1.472500
-1.471875
-1.471250
-1.470625
-1.470000
-1.469375
-1.468750
-1.468125
-1.467500
-1.466875
-1.466250
-1.465625
-1.465000
-1.464375
-1.463750
-1.463125
-1.462500
-1.461875
-1.461250
-1.460625
-1.460000
-1.459375
-1.458750
-1.458125
-1.457500
-1.456875
-1.456250
-1.455625
-1.455000
-1.454375
-1.453750
-1.453125
-1.452500
-1.451875
-1.451250
-1.450625
-1.450000
-1.449375
-1.448750
-1.448125
-1.447500
-1.446875
-1.446250
-1.445625
-1.445000
-1.444375
-1.443750
-1.443125
-1.442500
-1.441875
-1.441250
-1.440625
-1.440000
-1.439375
-1.438750
-1.438125
-1.437500
-1.436875
-1.436250
-1.435625
-1.435000
-1.434375
-1.433750
-1.433125
-1.432500
-1.431875
-1.431250
-1.430625
-1.430000
-1.429375
-1.428750
-1.428125
-1.427500
-1.426875
-1.426250
-1.425625
-1.425000
-1.424375
-1.423750
-1.423125
-1.422500
-1.421875
-1.421250
-1.420625
-1.420000
-1.419375
-1.418750
-1.418125
-1.417500
-1.416875
-1.416250
-1.415625
-1.415000
-1.414375
-1.413750
-1.413125
-1.412500
-1.411875
-1.411250
-1.410625
-1.410000
-1.409375
-1.408750
-1.408125
-1.407500
-1.406875
-1.406250
-1.405625
-1.405000
-1.404375
-1.403750
-1.403125
-1.402500
-1.401875
-1.401250
-1.400625
-1.400000
-1.399375
-1.398750
-1.398125
-1.397500
-1.396875
-1.396250
-1.395625
-1.395000
-1.394375
-1.393750
-1.393125
-1.392500
-1.391875
-1.391250
-1.390625
-1.390000
-1.389375
-1.388750
-1.388125
-1.387500
-1.386875
-1.386250
-1.385625
-1.385000
-1.384375
-1.383750
-1.383125
-1.382500
-1.381875
-1.381250
-1.380625
-1.380000
-1.379375
-1.378750
-1.378125
-1.377500
-1.376875
-1.376250
-1.375625
-1.375000
-1.374375
-1.373750
-1.373125
-1.372500
-1.371875
-1.371250
-1.370625
-1.370000
-1.369375
-1.368750
-1.368125
-1.367500
-1.366875
-1.366250
-1.365625
-1.365000
-1.364375
-1.363750
-1.363125
-1.362500
-1.361875
-1.361250
-1.360625
-1.360000
-1.359375
-1.358750
-1.358125
-1.357500
-1.356875
-1.356250
-1.355625
-1.355000
-1.354375
-1.353750
-1.353125
-1.352500
-1.351875
-1.351250
-1.350625
-1.350000
-1.349375
-1.348750
-1.348125
-1.347500
-1.346875
-1.346250
-1.345625
-1.345000
-1.344375
-1.343750
-1.343125
-1.342500
-1.341875
-1.341250
-1.340625
-1.340000
-1.339375
-1.338750
-1.338125
-1.337500
-1.336875
-1.336250
-1.335625
-1.335000
-1.334375
-1.333750
-1.333125
-1.332500
-1.331875
-1.331250
-1.330625
-1.330000
-1.329375
-1.328750
-1.328125
-1.327500
-1.326875
-1.326250
-1.325625
-1.325000
-1.324375
-1.323750
-1.323125
-1.322500
-1.321875
-1.321250
-1.320625
-1.320000
-1.319375
-1.318750
-1.318125
-1.317500
-1.316875
-1.316250
-1.315625
-1.315000
-1.314375
-1.313750
-1.313125
-1.312500
-1.311875
-1.311250
-1.310625
-1.310000
-1.309375
-1.308750
-1.308125
-1.307500
-1.306875
-1.306250
-1.305625
-1.305000
-1.304375
-1.303750
-1.303125
-1.302500
-1.301875
-1.301250
-1.300625
-1.300000
-1.299375
-1.298750
-1.298125
-1.297500
-1.296875
-1.296250
-1.295625
-1.295000
-1.294375
-1.293750
-1.293125
-1.292500
-1.291875
-1.291250
-1.290625
-1.290000
-1.289375
-1.288750
-1.288125
-1.287500
-1.286875
-1.286250
-1.285625
-1.285000
-1.284375
-1.283750
-1.283125
-1.282500
-1.281875
-1.281250
-1.280625
-1.280000
-1.279375
-1.278750
-1.278125
-1.277500
-1.276875
-1.276250
-1.275625
-1.275000
-1.274375
-1.273750
-1.273125
-1.272500
-1.271875
-1.271250
-1.270625
-1.270000
-1.269375
-1.268750
-1.268125
-1.267500
-1.266875
-1.266250
-1.265625
-1.265000
-1.264375
-1.263750
-1.263125
-1.262500
-1.261875
-1.261250
-1.260625
-1.260000
-1.259375
-1.258750
-1.258125
-1.257500
-1.256875
-1.256250
-1.255625
-1.255000
-1.254375
-1.253750
-1.253125
-1.252500
-1.251875
-1.251250
-1.250625
-1.250000
-1.249375
-1.248750
-1.248125
-1.247500
-1.246875
-1.246250
-1.245625
-1.245000
-1.244375
-1.243750
-1.243125
-1.242500
-1.241875
-1.241250
-1.240625
-1.240000
-1.239375
-1.238750
-1.238125
-1.237500
-1.236875
-1.236250
-1.235625
-1.235000
-1.234375
-1.233750
-1.233125
-1.232500
-1.231875
-1.231250
-1.230625
-1.230000
-1.229375
-1.228750
-1.228125
-1.227500
-1.226875
-1.226250
-1.225625
-1.225000
-1.224375
-1.223750
-1.223125
-1.222500
-1.221875
-1.221250
-1.220625
-1.220000
-1.219375
-1.218750
-1.218125
-1.217500
-1.216875
-1.216250
-1.215625
-1.215000
-1.214375
-1.213750
-1.213125
-1.212500
-1.211875
-1.211250
-1.210625
-1.210000
-1.209375
-1.208750
-1.208125
-1.207500
-1.206875
-1.206250
-1.205625
-1.205000
-1.204375
-1.203750
-1.203125
-1.202500
-1.201875
-1.201250
-1.200625
-1.200000
-1.199375
-1.198750
-1.198125
-1.197500
-1.196875
-1.196250
-1.195625
-1.195000
-1.194375
-1.193750
-1.193125
-1.192500
-1.191875
-1.191250
-1.190625
-1.190000
-1.189375
-1.188750
-1.188125
-1.187500
-1.186875
-1.186250
-1.185625
-1.185000
-1.184375
-1.183750
-1.183125
-1.182500
-1.181875
-1.181250
-1.180625
-1.180000
-1.179375
-1.178750
-1.178125
-1.177500
-1.176875
-1.176250
-1.175625
-1.175000
-1.174375
-1.173750
-1.173125
-1.172500
-1.171875
-1.171250
-1.170625
-1.170000
-1.169375
-1.168750
-1.168125
-1.167500
-1.166875
-1.166250
-1.165625
-1.165000
-1.164375
-1.163750
-1.163125
-1.162500
-1.161875
-1.161250
-1.160625
-1.160000
-1.159375
-1.158750
-1.158125
-1.157500
-1.156875
-1.156250
-1.155625
-1.155000
-1.154375
-1.153750
-1.153125
-1.152500
-1.151875
-1.151250
-1.150625
-1.150000
-1.149375
-1.148750
-1.148125
-1.147500
-1.146875
-1.146250
-1.145625
-1.145000
-1.144375
-1.143750
-1.143125
-1.142500
-1.141875
-1.141250
-1.140625
-1.140000
-1.139375
-1.138750
-1.138125
-1.137500
-1.136875
-1.136250
-1.135625
-1.135000
-1.134375
-1.133750
-1.133125
-1.132500
-1.131875
-1.131250
-1.130625
-1.130000
-1.129375
-1.128750
-1.128125
-1.127500
-1.126875
-1.126250
-1.125625
-1.125000
-1.124375
-1.123750
-1.123125
-1.122500
-1.121875
-1.121250
-1.120625
-1.120000
-1.119375
-1.118750
-1.118125
-1.117500
-1.116875
-1.116250
-1.115625
-1.115000
-1.114375
-1.113750
-1.113125
-1.112500
-1.111875
-1.111250
-1.110625
-1.110000
-1.109375
-1.108750
-1.108125
-1.107500
-1.106875
-1.106250
-1.105625
-1.105000
-1.104375
-1.103750
-1.103125
-1.102500
-1.101875
-1.101250
-1.100625
-1.100000
-1.099375
-1.098750
-1.098125
-1.097500
-1.096875
-1.096250
-1.095625
-1.095000
-1.094375
-1.093750
-1.093125
-1.092500
-1.091875
-1.091250
-1.090625
-1.090000
-1.089375
-1.088750
-1.088125
-1.087500
-1.086875
-1.086250
-1.085625
-1.085000
-1.084375
-1.083750
-1.083125
-1.082500
-1.081875
-1.081250
-1.080625
-1.080000
-1.079375
-1.078750
-1.078125
-1.077500
-1.076875
-1.076250
-1.075625
-1.075000
-1.074375
-1.073750
-1.073125
-1.072500
-1.071875
-1.071250
-1.070625
-1.070000
-1.069375
-1.068750
-1.068125
-1.067500
-1.066875
-1.066250
-1.065625
-1.065000
-1.064375
-1.063750
-1.063125
-1.062500
-1.061875
-1.061250
-1.060625
-1.060000
-1.059375
-1.058750
-1.058125
-1.057500
-1.056875
-1.056250
-1.055625
-1.055000
-1.054375
-1.053750
-1.053125
-1.052500
-1.051875
-1.051250
-1.050625
-1.050000
-1.049375
-1.048750
-1.048125
-1.047500
-1.046875
-1.046250
-1.045625
-1.045000
-1.044375
-1.043750
-1.043125
-1.042500
-1.041875
-1.041250
-1.040625
-1.040000
-1.039375
-1.038750
-1.038125
-1.037500
-1.036875
-1.036250
-1.035625
-1.035000
-1.034375
-1.033750
-1.033125
-1.032500
-1.031875
-1.031250
-1.030625
-1.030000
-1.029375
-1.028750
-1.028125
-1.027500
-1.026875
-1.026250
-1.025625
-1.025000
-1.024375
-1.023750
-1.023125
-1.022500
-1.021875
-1.021250
-1.020625
-1.020000
-1.019375
-1.018750
-1.018125
-1.017500
-1.016875
-1.016250
-1.015625
-1.015000
-1.014375
-1.013750
-1.013125
-1.012500
-1.011875
-1.011250
-1.010625
-1.010000
-1.009375
-1.008750
-1.008125
-1.007500
-1.006875
-1.006250
-1.005625
-1.005000
-1.004375
-1.003750
-1.003125
-1.002500
-1.001875
-1.001250
-1.000625
-1.000000
-0.999375
-0.998750
-0.998125
-0.997500
-0.996875
-0.996250
-0.995625
-0.995000
-0.994375
-0.993750
-0.993125
-0.992500
-0.991875
-0.991250
-0.990625
-0.990000
-0.989375
-0.988750
-0.988125
-0.987500
-0.986875
-0.986250
-0.985625
-0.985000
-0.984375
-0.983750
-0.983125
-0.982500
-0.981875
-0.981250
-0.980625
-0.980000
-0.979375
-0.978750
-0.978125
-0.977500
-0.976875
-0.976250
-0.975625
-0.975000
-0.974375
-0.973750
-0.973125
-0.972500
-0.971875
-0.971250
-0.970625
-0.970000
-0.969375
-0.968750
-0.968125
-0.967500
-0.966875
-0.966250
-0.965625
-0.965000
-0.964375
-0.963750
-0.963125
-0.962500
-0.961875
-0.961250
-0.960625
-0.960000
-0.959375
-0.958750
-0.958125
-0.957500
-0.956875
-0.956250
-0.955625
-0.955000
-0.954375
-0.953750
-0.953125
-0.952500
-0.951875
-0.951250
-0.950625
-0.950000
-0.949375
-0.948750
-0.948125
-0.947500
-0.946875
-0.946250
-0.945625
-0.945000
-0.944375
-0.943750
-0.943125
-0.942500
-0.941875
-0.941250
-0.940625
-0.940000
-0.939375
-0.938750
-0.938125
-0.937500
-0.936875
-0.936250
-0.935625
-0.935000
-0.934375
-0.933750
-0.933125
-0.932500
-0.931875
-0.931250
-0.930625
-0.930000
-0.929375
-0.928750
-0.928125
-0.927500
-0.926875
-0.926250
-0.925625
-0.925000
-0.924375
-0.923750
-0.923125
-0.922500
-0.921875
-0.921250
-0.920625
-0.920000
-0.919375
-0.918750
-0.918125
-0.917500
-0.916875
-0.916250
-0.915625
-0.915000
-0.914375
-0.913750
-0.913125
-0.912500
-0.911875
-0.911250
-0.910625
-0.910000
-0.909375
-0.908750
-0.908125
-0.907500
-0.906875
-0.906250
-0.905625
-0.905000
-0.904375
-0.903750
-0.903125
-0.902500
-0.901875
-0.901250
-0.900625
-0.900000
-0.899375
-0.898750
-0.898125
-0.897500
-0.896875
-0.896250
-0.895625
-0.895000
-0.894375
-0.893750
-0.893125
-0.892500
-0.891875
-0.891250
-0.890625
-0.890000
-0.889375
-0.888750
-0.888125
-0.887500
-0.886875
-0.886250
-0.885625
-0.885000
-0.884375
-0.883750
-0.883125
-0.882500
-0.881875
-0.881250
-0.880625
-0.880000
-0.879375
-0.878750
-0.878125
-0.877500
-0.876875
-0.876250
-0.875625
-0.875000
-0.874375
-0.873750
-0.873125
-0.872500
-0.871875
-0.871250
-0.870625
-0.870000
-0.869375
-0.868750
-0.868125
-0.867500
-0.866875
-0.866250
-0.865625
-0.865000
-0.864375
-0.863750
-0.863125
-0.862500
-0.861875
-0.861250
-0.860625
-0.860000
-0.859375
-0.858750
-0.858125
-0.857500
-0.856875
-0.856250
-0.855625
-0.855000
-0.854375
-0.853750
-0.853125
-0.852500
-0.851875
-0.851250
-0.850625
-0.850000
-0.849375
-0.848750
-0.848125
-0.847500
-0.846875
-0.846250
-0.845625
-0.845000
-0.844375
-0.843750
-0.843125
-0.842500
-0.841875
-0.841250
-0.840625
-0.840000
-0.839375
-0.838750
-0.838125
-0.837500
-0.836875
-0.836250
-0.835625
-0.835000
-0.834375
-0.833750
-0.833125
-0.832500
-0.831875
-0.831250
-0.830625
-0.830000
-0.829375
-0.828750
-0.828125
-0.827500
-0.826875
-0.826250
-0.825625
-0.825000
-0.824375
-0.823750
-0.823125
-0.822500
-0.821875
-0.821250
-0.820625
-0.820000
-0.819375
-0.818750
-0.818125
-0.817500
-0.816875
-0.816250
-0.815625
-0.815000
-0.814375
-0.813750
-0.813125
-0.812500
-0.811875
-0.811250
-0.810625
-0.810000
-0.809375
-0.808750
-0.808125
-0.807500
-0.806875
-0.806250
-0.805625
-0.805000
-0.804375
-0.803750
-0.803125
-0.802500
-0.801875
-0.801250
-0.800625
-0.800000
-0.799375
-0.798750
-0.798125
-0.797500
-0.796875
-0.796250
-0.795625
-0.795000
-0.794375
-0.793750
-0.793125
-0.792500
-0.791875
-0.791250
-0.790625
-0.790000
-0.789375
-0.788750
-0.788125
-0.787500
-0.786875
-0.786250
-0.785625
-0.785000
-0.784375
-0.783750
-0.783125
-0.782500
-0.781875
-0.781250
-0.780625
-0.780000
-0.779375
-0.778750
-0.778125
-0.777500
-0.776875
-0.776250
-0.775625
-0.775000
-0.774375
-0.773750
-0.773125
-0.772500
-0.771875
-0.771250
-0.770625
-0.770000
-0.769375
-0.768750
-0.768125
-0.767500
-0.766875
-0.766250
-0.765625
-0.765000
-0.764375
-0.763750
-0.763125
-0.762500
-0.761875
-0.761250
-0.760625
-0.760000
-0.759375
-0.758750
-0.758125
-0.757500
-0.756875
-0.756250
-0.755625
-0.755000
-0.754375
-0.753750
-0.753125
-0.752500
-0.751875
-0.751250
-0.750625
-0.750000
-0.749375
-0.748750
-0.748125
-0.747500
-0.746875
-0.746250
-0.745625
-0.745000
-0.744375
-0.743750
-0.743125
-0.742500
-0.741875
-0.741250
-0.740625
-0.740000
-0.739375
-0.738750
-0.738125
-0.737500
-0.736875
-0.736250
-0.735625
-0.735000
-0.734375
-0.733750
-0.733125
-0.732500
-0.731875
-0.731250
-0.730625
-0.730000
-0.729375
-0.728750
-0.728125
-0.727500
-0.726875
-0.726250
-0.725625
-0.725000
-0.724375
-0.723750
-0.723125
-0.722500
-0.721875
-0.721250
-0.720625
-0.720000
-0.719375
-0.718750
-0.718125
-0.717500
-0.716875
-0.716250
-0.715625
-0.715000
-0.714375
-0.713750
-0.713125
-0.712500
-0.711875
-0.711250
-0.710625
-0.710000
-0.709375
-0.708750
-0.708125
-0.707500
-0.706875
-0.706250
-0.705625
-0.705000
-0.704375
-0.703750
-0.703125
-0.702500
-0.701875
-0.701250
-0.700625
-0.700000
-0.699375
-0.698750
-0.698125
-0.697500
-0.696875
-0.696250
-0.695625
-0.695000
-0.694375
-0.693750
-0.693125
-0.692500
-0.691875
-0.691250
-0.690625
-0.690000
-0.689375
-0.688750
-0.688125
-0.687500
-0.686875
-0.686250
-0.685625
-0.685000
-0.684375
-0.683750
-0.683125
-0.682500
-0.681875
-0.681250
-0.680625
-0.680000
-0.679375
-0.678750
-0.678125
-0.677500
-0.676875
-0.676250
-0.675625
-0.675000
-0.674375
-0.673750
-0.673125
-0.672500
-0.671875
-0.671250
-0.670625
-0.670000
-0.669375
-0.668750
-0.668125
-0.667500
-0.666875
-0.666250
-0.665625
-0.665000
-0.664375
-0.663750
-0.663125
-0.662500
-0.661875
-0.661250
-0.660625
-0.660000
-0.659375
-0.658750
-0.658125
-0.657500
-0.656875
-0.656250
-0.655625
-0.655000
-0.654375
-0.653750
-0.653125
-0.652500
-0.651875
-0.651250
-0.650625
-0.650000
-0.649375
-0.648750
-0.648125
-0.647500
-0.646875
-0.646250
-0.645625
-0.645000
-0.644375
-0.643750
-0.643125
-0.642500
-0.641875
-0.641250
-0.640625
-0.640000
-0.639375
-0.638750
-0.638125
-0.637500
-0.636875
-0.636250
-0.635625
-0.635000
-0.634375
-0.633750
-0.633125
-0.632500
-0.631875
-0.631250
-0.630625
-0.630000
-0.629375
-0.628750
-0.628125
-0.627500
-0.626875
-0.626250
-0.625625
-0.625000
-0.624375
-0.623750
-0.623125
-0.622500
-0.621875
-0.621250
-0.620625
-0.620000
-0.619375
-0.618750
-0.618125
-0.617500
-0.616875
-0.616250
-0.615625
-0.615000
-0.614375
-0.613750
-0.613125
-0.612500
-0.611875
-0.611250
-0.610625
-0.610000
-0.609375
-0.608750
-0.608125
-0.607500
-0.606875
-0.606250
-0.605625
-0.605000
-0.604375
-0.603750
-0.603125
-0.602500
-0.601875
-0.601250
-0.600625
-0.600000
-0.599375
-0.598750
-0.598125
-0.597500
-0.596875
-0.596250
-0.595625
-0.595000
-0.594375
-0.593750
-0.593125
-0.592500
-0.591875
-0.591250
-0.590625
-0.590000
-0.589375
-0.588750
-0.588125
-0.587500
-0.586875
-0.586250
-0.585625
-0.585000
-0.584375
-0.583750
-0.583125
-0.582500
-0.581875
-0.581250
-0.580625
-0.580000
-0.579375
-0.578750
-0.578125
-0.577500
-0.576875
-0.576250
-0.575625
-0.575000
-0.574375
-0.573750
-0.573125
-0.572500
-0.571875
-0.571250
-0.570625
-0.570000
-0.569375
-0.568750
-0.568125
-0.567500
-0.566875
-0.566250
-0.565625
-0.565000
-0.564375
-0.563750
-0.563125
-0.562500
-0.561875
-0.561250
-0.560625
-0.560000
-0.559375
-0.558750
-0.558125
-0.557500
-0.556875
-0.556250
-0.555625
-0.555000
-0.554375
-0.553750
-0.553125
-0.552500
-0.551875
-0.551250
-0.550625
-0.550000
-0.549375
-0.548750
-0.548125
-0.547500
-0.546875
-0.546250
-0.545625
-0.545000
-0.544375
-0.543750
-0.543125
-0.542500
-0.541875
-0.541250
-0.540625
-0.540000
-0.539375
-0.538750
-0.538125
-0.537500
-0.536875
-0.536250
-0.535625
-0.535000
-0.534375
-0.533750
-0.533125
-0.532500
-0.531875
-0.531250
-0.530625
-0.530000
-0.529375
-0.528750
-0.528125
-0.527500
-0.526875
-0.526250
-0.525625
-0.525000
-0.524375
-0.523750
-0.523125
-0.522500
-0.521875
-0.521250
-0.520625
-0.520000
-0.519375
-0.518750
-0.518125
-0.517500
-0.516875
-0.516250
-0.515625
-0.515000
-0.514375
-0.513750
-0.513125
-0.512500
-0.511875
-0.511250
-0.510625
-0.510000
-0.509375
-0.508750
-0.508125
-0.507500
-0.506875
-0.506250
-0.505625
-0.505000
-0.504375
-0.503750
-0.503125
-0.502500
-0.501875
-0.501250
-0.500625
-0.500000
-0.499375
-0.498750
-0.498125
-0.497500
-0.496875
-0.496250
-0.495625
-0.495000
-0.494375
-0.493750
-0.493125
-0.492500
-0.491875
-0.491250
-0.490625
-0.490000
-0.489375
-0.488750
-0.488125
-0.487500
-0.486875
-0.486250
-0.485625
-0.485000
-0.484375
-0.483750
-0.483125
-0.482500
-0.481875
-0.481250
-0.480625
-0.480000
-0.479375
-0.478750
-0.478125
-0.477500
-0.476875
-0.476250
-0.475625
-0.475000
-0.474375
-0.473750
-0.473125
-0.472500
-0.471875
-0.471250
-0.470625
-0.470000
-0.469375
-0.468750
-0.468125
-0.467500
-0.466875
-0.466250
-0.465625
-0.465000
-0.464375
-0.463750
-0.463125
-0.462500
-0.461875
-0.461250
-0.460625
-0.460000
-0.459375
-0.458750
-0.458125
-0.457500
-0.456875
-0.456250
-0.455625
-0.455000
-0.454375
-0.453750
-0.453125
-0.452500
-0.451875
-0.451250
-0.450625
-0.450000
-0.449375
-0.448750
-0.448125
-0.447500
-0.446875
-0.446250
-0.445625
-0.445000
-0.444375
-0.443750
-0.443125
-0.442500
-0.441875
-0.441250
-0.440625
-0.440000
-0.439375
-0.438750
-0.438125
-0.437500
-0.436875
-0.436250
-0.435625
-0.435000
-0.434375
-0.433750
-0.433125
-0.432500
-0.431875
-0.431250
-0.430625
-0.430000
-0.429375
-0.428750
-0.428125
-0.427500
-0.426875
-0.426250
-0.425625
-0.425000
-0.424375
-0.423750
-0.423125
-0.422500
-0.421875
-0.421250
-0.420625
-0.420000
-0.419375
-0.418750
-0.418125
-0.417500
-0.416875
-0.416250
-0.415625
-0.415000
-0.414375
-0.413750
-0.413125
-0.412500
-0.411875
-0.411250
-0.410625
-0.410000
-0.409375
-0.408750
-0.408125
-0.407500
-0.406875
-0.406250
-0.405625
-0.405000
-0.404375
-0.403750
-0.403125
-0.402500
-0.401875
-0.401250
-0.400625
-0.400000
-0.399375
-0.398750
-0.398125
-0.397500
-0.396875
-0.396250
-0.395625
-0.395000
-0.394375
-0.393750
-0.393125
-0.392500
-0.391875
-0.391250
-0.390625
-0.390000
-0.389375
-0.388750
-0.388125
-0.387500
-0.386875
-0.386250
-0.385625
-0.385000
-0.384375
-0.383750
-0.383125
-0.382500
-0.381875
-0.381250
-0.380625
-0.380000
-0.379375
-0.378750
-0.378125
-0.377500
-0.376875
-0.376250
-0.375625
-0.375000
-0.374375
-0.373750
-0.373125
-0.372500
-0.371875
-0.371250
-0.370625
-0.370000
-0.369375
-0.368750
-0.368125
-0.367500
-0.366875
-0.366250
-0.365625
-0.365000
-0.364375
-0.363750
-0.363125
-0.362500
-0.361875
-0.361250
-0.360625
-0.360000
-0.359375
-0.358750
-0.358125
-0.357500
-0.356875
-0.356250
-0.355625
-0.355000
-0.354375
-0.353750
-0.353125
-0.352500
-0.351875
-0.351250
-0.350625
-0.350000
-0.349375
-0.348750
-0.348125
-0.347500
-0.346875
-0.346250
-0.345625
-0.345000
-0.344375
-0.343750
-0.343125
-0.342500
-0.341875
-0.341250
-0.340625
-0.340000
-0.339375
-0.338750
-0.338125
-0.337500
-0.336875
-0.336250
-0.335625
-0.335000
-0.334375
-0.333750
-0.333125
-0.332500
-0.331875
-0.331250
-0.330625
-0.330000
-0.329375
-0.328750
-0.328125
-0.327500
-0.326875
-0.326250
-0.325625
-0.325000
-0.324375
-0.323750
-0.323125
-0.322500
-0.321875
-0.321250
-0.320625
-0.320000
-0.319375
-0.318750
-0.318125
-0.317500
-0.316875
-0.316250
-0.315625
-0.315000
-0.314375
-0.313750
-0.313125
-0.312500
-0.311875
-0.311250
-0.310625
-0.310000
-0.309375
-0.308750
-0.308125
-0.307500
-0.306875
-0.306250
-0.305625
-0.305000
-0.304375
-0.303750
-0.303125
-0.302500
-0.301875
-0.301250
-0.300625
-0.300000
-0.299375
-0.298750
-0.298125
-0.297500
-0.296875
-0.296250
-0.295625
-0.295000
-0.294375
-0.293750
-0.293125
-0.292500
-0.291875
-0.291250
-0.290625
-0.290000
-0.289375
-0.288750
-0.288125
-0.287500
-0.286875
-0.286250
-0.285625
-0.285000
-0.284375
-0.283750
-0.283125
-0.282500
-0.281875
-0.281250
-0.280625
-0.280000
-0.279375
-0.278750
-0.278125
-0.277500
-0.276875
-0.276250
-0.275625
-0.275000
-0.274375
-0.273750
-0.273125
-0.272500
-0.271875
-0.271250
-0.270625
-0.270000
-0.269375
-0.268750
-0.268125
-0.267500
-0.266875
-0.266250
-0.265625
-0.265000
-0.264375
-0.263750
-0.263125
-0.262500
-0.261875
-0.261250
-0.260625
-0.260000
-0.259375
-0.258750
-0.258125
-0.257500
-0.256875
-0.256250
-0.255625
-0.255000
-0.254375
-0.253750
-0.253125
-0.252500
-0.251875
-0.251250
-0.250625
-0.250000
-0.249375
-0.248750
-0.248125
-0.247500
-0.246875
-0.246250
-0.245625
-0.245000
-0.244375
-0.243750
-0.243125
-0.242500
-0.241875
-0.241250
-0.240625
-0.240000
-0.239375
-0.238750
-0.238125
-0.237500
-0.236875
-0.236250
-0.235625
-0.235000
-0.234375
-0.233750
-0.233125
-0.232500
-0.231875
-0.231250
-0.230625
-0.230000
-0.229375
-0.228750
-0.228125
-0.227500
-0.226875
-0.226250
-0.225625
-0.225000
-0.224375
-0.223750
-0.223125
-0.222500
-0.221875
-0.221250
-0.220625
-0.220000
-0.219375
-0.218750
-0.218125
-0.217500
-0.216875
-0.216250
-0.215625
-0.215000
-0.214375
-0.213750
-0.213125
-0.212500
-0.211875
-0.211250
-0.210625
-0.210000
-0.209375
-0.208750
-0.208125
-0.207500
-0.206875
-0.206250
-0.205625
-0.205000
-0.204375
-0.203750
-0.203125
-0.202500
-0.201875
-0.201250
-0.200625
-0.200000
-0.199375
-0.198750
-0.198125
-0.197500
-0.196875
-0.196250
-0.195625
-0.195000
-0.194375
-0.193750
-0.193125
-0.192500
-0.191875
-0.191250
-0.190625
-0.190000
-0.189375
-0.188750
-0.188125
-0.187500
-0.186875
-0.186250
-0.185625
-0.185000
-0.184375
-0.183750
-0.183125
-0.182500
-0.181875
-0.181250
-0.180625
-0.180000
-0.179375
-0.178750
-0.178125
-0.177500
-0.176875
-0.176250
-0.175625
-0.175000
-0.174375
-0.173750
-0.173125
-0.172500
-0.171875
-0.171250
-0.170625
-0.170000
-0.169375
-0.168750
-0.168125
-0.167500
-0.166875
-0.166250
-0.165625
-0.165000
-0.164375
-0.163750
-0.163125
-0.162500
-0.161875
-0.161250
-0.160625
-0.160000
-0.159375
-0.158750
-0.158125
-0.157500
-0.156875
-0.156250
-0.155625
-0.155000
-0.154375
-0.153750
-0.153125
-0.152500
-0.151875
-0.151250
-0.150625
-0.150000
-0.149375
-0.148750
-0.148125
-0.147500
-0.146875
-0.146250
-0.145625
-0.145000
-0.144375
-0.143750
-0.143125
-0.142500
-0.141875
-0.141250
-0.140625
-0.140000
-0.139375
-0.138750
-0.138125
-0.137500
-0.136875
-0.136250
-0.135625
-0.135000
-0.134375
-0.133750
-0.133125
-0.132500
-0.131875
-0.131250
-0.130625
-0.130000
-0.129375
-0.128750
-0.128125
-0.127500
-0.126875
-0.126250
-0.125625
-0.125000
-0.124375
-0.123750
-0.123125
-0.122500
-0.121875
-0.121250
-0.120625
-0.120000
-0.119375
-0.118750
-0.118125
-0.117500
-0.116875
-0.116250
-0.115625
-0.115000
-0.114375
-0.113750
-0.113125
-0.112500
-0.111875
-0.111250
-0.110625
-0.110000
-0.109375
-0.108750
-0.108125
-0.107500
-0.106875
-0.106250
-0.105625
-0.105000
-0.104375
-0.103750
-0.103125
-0.102500
-0.101875
-0.101250
-0.100625
-0.100000
-0.099375
-0.098750
-0.098125
-0.097500
-0.096875
-0.096250
-0.095625
-0.095000
-0.094375
-0.093750
-0.093125
-0.092500
-0.091875
-0.091250
-0.090625
-0.090000
-0.089375
-0.088750
-0.088125
-0.087500
-0.086875
-0.086250
-0.085625
-0.085000
-0.084375
-0.083750
-0.083125
-0.082500
-0.081875
-0.081250
-0.080625
-0.080000
-0.079375
-0.078750
-0.078125
-0.077500
-0.076875
-0.076250
-0.075625
-0.075000
-0.074375
-0.073750
-0.073125
-0.072500
-0.071875
-0.071250
-0.070625
-0.070000
-0.069375
-0.068750
-0.068125
-0.067500
-0.066875
-0.066250
-0.065625
-0.065000
-0.064375
-0.063750
-0.063125
-0.062500
-0.061875
-0.061250
-0.060625
-0.060000
-0.059375
-0.058750
-0.058125
-0.057500
-0.056875
-0.056250
-0.055625
-0.055000
-0.054375
-0.053750
-0.053125
-0.052500
-0.051875
-0.051250
-0.050625
-0.050000
-0.049375
-0.048750
-0.048125
-0.047500
-0.046875
-0.046250
-0.045625
-0.045000
-0.044375
-0.043750
-0.043125
-0.042500
-0.041875
-0.041250
-0.040625
-0.040000
-0.039375
-0.038750
-0.038125
-0.037500
-0.036875
-0.036250
-0.035625
-0.035000
-0.034375
-0.033750
-0.033125
-0.032500
-0.031875
-0.031250
-0.030625
-0.030000
-0.029375
-0.028750
-0.028125
-0.027500
-0.026875
-0.026250
-0.025625
-0.025000
-0.024375
-0.023750
-0.023125
-0.022500
-0.021875
-0.021250
-0.020625
-0.020000
-0.019375
-0.018750
-0.018125
-0.017500
-0.016875
-0.016250
-0.015625
-0.015000
-0.014375
-0.013750
-0.013125
-0.012500
-0.011875
-0.011250
-0.010625
-0.010000
-0.009375
-0.008750
-0.008125
-0.007500
-0.006875
-0.006250
-0.005625
-0.005000
-0.004375
-0.003750
-0.003125
-0.002500
-0.001875
-0.001250
-0.000625
0.000000
0.000625
0.001250
0.001875
0.002500
0.003125
0.003750
0.004375
0.005000
0.005625
0.006250
0.006875
0.007500
0.008125
0.008750
0.009375
0.010000
0.010625
0.011250
0.011875
0.012500
0.013125
0.013750
0.014375
0.015000
0.015625
0.016250
0.016875
0.017500
0.018125
0.018750
0.019375
0.020000
0.020625
0.021250
0.021875
0.022500
0.023125
0.023750
0.024375
0.025000
0.025625
0.026250
0.026875
0.027500
0.028125
0.028750
0.029375
0.030000
0.030625
0.031250
0.031875
0.032500
0.033125
0.033750
0.034375
0.035000
0.035625
0.036250
0.036875
0.037500
0.038125
0.038750
0.039375
0.040000
0.040625
0.041250
0.041875
0.042500
0.043125
0.043750
0.044375
0.045000
0.045625
0.046250
0.046875
0.047500
0.048125
0.048750
0.049375
0.050000
0.050625
0.051250
0.051875
0.052500
0.053125
0.053750
0.054375
0.055000
0.055625
0.056250
0.056875
0.057500
0.058125
0.058750
0.059375
0.060000
0.060625
0.061250
0.061875
0.062500
0.063125
0.063750
0.064375
0.065000
0.065625
0.066250
0.066875
0.067500
0.068125
0.068750
0.069375
0.070000
0.070625
0.071250
0.071875
0.072500
0.073125
0.073750
0.074375
0.075000
0.075625
0.076250
0.076875
0.077500
0.078125
0.078750
0.079375
0.080000
0.080625
0.081250
0.081875
0.082500
0.083125
0.083750
0.084375
0.085000
0.085625
0.086250
0.086875
0.087500
0.088125
0.088750
0.089375
0.090000
0.090625
0.091250
0.091875
0.092500
0.093125
0.093750
0.094375
0.095000
0.095625
0.096250
0.096875
0.097500
0.098125
0.098750
0.099375
0.100000
0.100625
0.101250
0.101875
0.102500
0.103125
0.103750
0.104375
0.105000
0.105625
0.106250
0.106875
0.107500
0.108125
0.108750
0.109375
0.110000
0.110625
0.111250
0.111875
0.112500
0.113125
0.113750
0.114375
0.115000
0.115625
0.116250
0.116875
0.117500
0.118125
0.118750
0.119375
0.120000
0.120625
0.121250
0.121875
0.122500
0.123125
0.123750
0.124375
0.125000
0.125625
0.126250
0.126875
0.127500
0.128125
0.128750
0.129375
0.130000
0.130625
0.131250
0.131875
0.132500
0.133125
0.133750
0.134375
0.135000
0.135625
0.136250
0.136875
0.137500
0.138125
0.138750
0.139375
0.140000
0.140625
0.141250
0.141875
0.142500
0.143125
0.143750
0.144375
0.145000
0.145625
0.146250
0.146875
0.147500
0.148125
0.148750
0.149375
0.150000
0.150625
0.151250
0.151875
0.152500
0.153125
0.153750
0.154375
0.155000
0.155625
0.156250
0.156875
0.157500
0.158125
0.158750
0.159375
0.160000
0.160625
0.161250
0.161875
0.162500
0.163125
0.163750
0.164375
0.165000
0.165625
0.166250
0.166875
0.167500
0.168125
0.168750
0.169375
0.170000
0.170625
0.171250
0.171875
0.172500
0.173125
0.173750
0.174375
0.175000
0.175625
0.176250
0.176875
0.177500
0.178125
0.178750
0.179375
0.180000
0.180625
0.181250
0.181875
0.182500
0.183125
0.183750
0.184375
0.185000
0.185625
0.186250
0.186875
0.187500
0.188125
0.188750
0.189375
0.190000
0.190625
0.191250
0.191875
0.192500
0.193125
0.193750
0.194375
0.195000
0.195625
0.196250
0.196875
0.197500
0.198125
0.198750
0.199375
0.200000
0.200625
0.201250
0.201875
0.202500
0.203125
0.203750
0.204375
0.205000
0.205625
0.206250
0.206875
0.207500
0.208125
0.208750
0.209375
0.210000
0.210625
0.211250
0.211875
0.212500
0.213125
0.213750
0.214375
0.215000
0.215625
0.216250
0.216875
0.217500
0.218125
0.218750
0.219375
0.220000
0.220625
0.221250
0.221875
0.222500
0.223125
0.223750
0.224375
0.225000
0.225625
0.226250
0.226875
0.227500
0.228125
0.228750
0.229375
0.230000
0.230625
0.231250
0.231875
0.232500
0.233125
0.233750
0.234375
0.235000
0.235625
0.236250
0.236875
0.237500
0.238125
0.238750
0.239375
0.240000
0.240625
0.241250
0.241875
0.242500
0.243125
0.243750
0.244375
0.245000
0.245625
0.246250
0.246875
0.247500
0.248125
0.248750
0.249375
0.250000
0.250625
0.251250
0.251875
0.252500
0.253125
0.253750
0.254375
0.255000
0.255625
0.256250
0.256875
0.257500
0.258125
0.258750
0.259375
0.260000
0.260625
0.261250
0.261875
0.262500
0.263125
0.263750
0.264375
0.265000
0.265625
0.266250
0.266875
0.267500
0.268125
0.268750
0.269375
0.270000
0.270625
0.271250
0.271875
0.272500
0.273125
0.273750
0.274375
0.275000
0.275625
0.276250
0.276875
0.277500
0.278125
0.278750
0.279375
0.280000
0.280625
0.281250
0.281875
0.282500
0.283125
0.283750
0.284375
0.285000
0.285625
0.286250
0.286875
0.287500
0.288125
0.288750
0.289375
0.290000
0.290625
0.291250
0.291875
0.292500
0.293125
0.293750
0.294375
0.295000
0.295625
0.296250
0.296875
0.297500
0.298125
0.298750
0.299375
0.300000
0.300625
0.301250
0.301875
0.302500
0.303125
0.303750
0.304375
0.305000
0.305625
0.306250
0.306875
0.307500
0.308125
0.308750
0.309375
0.310000
0.310625
0.311250
0.311875
0.312500
0.313125
0.313750
0.314375
0.315000
0.315625
0.316250
0.316875
0.317500
0.318125
0.318750
0.319375
0.320000
0.320625
0.321250
0.321875
0.322500
0.323125
0.323750
0.324375
0.325000
0.325625
0.326250
0.326875
0.327500
0.328125
0.328750
0.329375
0.330000
0.330625
0.331250
0.331875
0.332500
0.333125
0.333750
0.334375
0.335000
0.335625
0.336250
0.336875
0.337500
0.338125
0.338750
0.339375
0.340000
0.340625
0.341250
0.341875
0.342500
0.343125
0.343750
0.344375
0.345000
0.345625
0.346250
0.346875
0.347500
0.348125
0.348750
0.349375
0.350000
0.350625
0.351250
0.351875
0.352500
0.353125
0.353750
0.354375
0.355000
0.355625
0.356250
0.356875
0.357500
0.358125
0.358750
0.359375
0.360000
0.360625
0.361250
0.361875
0.362500
0.363125
0.363750
0.364375
0.365000
0.365625
0.366250
0.366875
0.367500
0.368125
0.368750
0.369375
0.370000
0.370625
0.371250
0.371875
0.372500
0.373125
0.373750
0.374375
0.375000
0.375625
0.376250
0.376875
0.377500
0.378125
0.378750
0.379375
0.380000
0.380625
0.381250
0.381875
0.382500
0.383125
0.383750
0.384375
0.385000
0.385625
0.386250
0.386875
0.387500
0.388125
0.388750
0.389375
0.390000
0.390625
0.391250
0.391875
0.392500
0.393125
0.393750
0.394375
0.395000
0.395625
0.396250
0.396875
0.397500
0.398125
0.398750
0.399375
0.400000
0.400625
0.401250
0.401875
0.402500
0.403125
0.403750
0.404375
0.405000
0.405625
0.406250
0.406875
0.407500
0.408125
0.408750
0.409375
0.410000
0.410625
0.411250
0.411875
0.412500
0.413125
0.413750
0.414375
0.415000
0.415625
0.416250
0.416875
0.417500
0.418125
0.418750
0.419375
0.420000
0.420625
0.421250
0.421875
0.422500
0.423125
0.423750
0.424375
0.425000
0.425625
0.426250
0.426875
0.427500
0.428125
0.428750
0.429375
0.430000
0.430625
0.431250
0.431875
0.432500
0.433125
0.433750
0.434375
0.435000
0.435625
0.436250
0.436875
0.437500
0.438125
0.438750
0.439375
0.440000
0.440625
0.441250
0.441875
0.442500
0.443125
0.443750
0.444375
0.445000
0.445625
0.446250
0.446875
0.447500
0.448125
0.448750
0.449375
0.450000
0.450625
0.451250
0.451875
0.452500
0.453125
0.453750
0.454375
0.455000
0.455625
0.456250
0.456875
0.457500
0.458125
0.458750
0.459375
0.460000
0.460625
0.461250
0.461875
0.462500
0.463125
0.463750
0.464375
0.465000
0.465625
0.466250
0.466875
0.467500
0.468125
0.468750
0.469375
0.470000
0.470625
0.471250
0.471875
0.472500
0.473125
0.473750
0.474375
0.475000
0.475625
0.476250
0.476875
0.477500
0.478125
0.478750
0.479375
0.480000
0.480625
0.481250
0.481875
0.482500
0.483125
0.483750
0.484375
0.485000
0.485625
0.486250
0.486875
0.487500
0.488125
0.488750
0.489375
0.490000
0.490625
0.491250
0.491875
0.492500
0.493125
0.493750
0.494375
0.495000
0.495625
0.496250
0.496875
0.497500
0.498125
0.498750
0.499375
0.500000
0.500625
0.501250
0.501875
0.502500
0.503125
0.503750
0.504375
0.505000
0.505625
0.506250
0.506875
0.507500
0.508125
0.508750
0.509375
0.510000
0.510625
0.511250
0.511875
0.512500
0.513125
0.513750
0.514375
0.515000
0.515625
0.516250
0.516875
0.517500
0.518125
0.518750
0.519375
0.520000
0.520625
0.521250
0.521875
0.522500
0.523125
0.523750
0.524375
0.525000
0.525625
0.526250
0.526875
0.527500
0.528125
0.528750
0.529375
0.530000
0.530625
0.531250
0.531875
0.532500
0.533125
0.533750
0.534375
0.535000
0.535625
0.536250
0.536875
0.537500
0.538125
0.538750
0.539375
0.540000
0.540625
0.541250
0.541875
0.542500
0.543125
0.543750
0.544375
0.545000
0.545625
0.546250
0.546875
0.547500
0.548125
0.548750
0.549375
0.550000
0.550625
0.551250
0.551875
0.552500
0.553125
0.553750
0.554375
0.555000
0.555625
0.556250
0.556875
0.557500
0.558125
0.558750
0.559375
0.560000
0.560625
0.561250
0.561875
0.562500
0.563125
0.563750
0.564375
0.565000
0.565625
0.566250
0.566875
0.567500
0.568125
0.568750
0.569375
0.570000
0.570625
0.571250
0.571875
0.572500
0.573125
0.573750
0.574375
0.575000
0.575625
0.576250
0.576875
0.577500
0.578125
0.578750
0.579375
0.580000
0.580625
0.581250
0.581875
0.582500
0.583125
0.583750
0.584375
0.585000
0.585625
0.586250
0.586875
0.587500
0.588125
0.588750
0.589375
0.590000
0.590625
0.591250
0.591875
0.592500
0.593125
0.593750
0.594375
0.595000
0.595625
0.596250
0.596875
0.597500
0.598125
0.598750
0.599375
0.600000
0.600625
0.601250
0.601875
0.602500
0.603125
0.603750
0.604375
0.605000
0.605625
0.606250
0.606875
0.607500
0.608125
0.608750
0.609375
0.610000
0.610625
0.611250
0.611875
0.612500
0.613125
0.613750
0.614375
0.615000
0.615625
0.616250
0.616875
0.617500
0.618125
0.618750
0.619375
0.620000
0.620625
0.621250
0.621875
0.622500
0.623125
0.623750
0.624375
0.625000
0.625625
0.626250
0.626875
0.627500
0.628125
0.628750
0.629375
0.630000
0.630625
0.631250
0.631875
0.632500
0.633125
0.633750
0.634375
0.635000
0.635625
0.636250
0.636875
0.637500
0.638125
0.638750
0.639375
0.640000
0.640625
0.641250
0.641875
0.642500
0.643125
0.643750
0.644375
0.645000
0.645625
0.646250
0.646875
0.647500
0.648125
0.648750
0.649375
0.650000
0.650625
0.651250
0.651875
0.652500
0.653125
0.653750
0.654375
0.655000
0.655625
0.656250
0.656875
0.657500
0.658125
0.658750
0.659375
0.660000
0.660625
0.661250
0.661875
0.662500
0.663125
0.663750
0.664375
0.665000
0.665625
0.666250
0.666875
0.667500
0.668125
0.668750
0.669375
0.670000
0.670625
0.671250
0.671875
0.672500
0.673125
0.673750
0.674375
0.675000
0.675625
0.676250
0.676875
0.677500
0.678125
0.678750
0.679375
0.680000
0.680625
0.681250
0.681875
0.682500
0.683125
0.683750
0.684375
0.685000
0.685625
0.686250
0.686875
0.687500
0.688125
0.688750
0.689375
0.690000
0.690625
0.691250
0.691875
0.692500
0.693125
0.693750
0.694375
0.695000
0.695625
0.696250
0.696875
0.697500
0.698125
0.698750
0.699375
0.700000
0.700625
0.701250
0.701875
0.702500
0.703125
0.703750
0.704375
0.705000
0.705625
0.706250
0.706875
0.707500
0.708125
0.708750
0.709375
0.710000
0.710625
0.711250
0.711875
0.712500
0.713125
0.713750
0.714375
0.715000
0.715625
0.716250
0.716875
0.717500
0.718125
0.718750
0.719375
0.720000
0.720625
0.721250
0.721875
0.722500
0.723125
0.723750
0.724375
0.725000
0.725625
0.726250
0.726875
0.727500
0.728125
0.728750
0.729375
0.730000
0.730625
0.731250
0.731875
0.732500
0.733125
0.733750
0.734375
0.735000
0.735625
0.736250
0.736875
0.737500
0.738125
0.738750
0.739375
0.740000
0.740625
0.741250
0.741875
0.742500
0.743125
0.743750
0.744375
0.745000
0.745625
0.746250
0.746875
0.747500
0.748125
0.748750
0.749375
0.750000
0.750625
0.751250
0.751875
0.752500
0.753125
0.753750
0.754375
0.755000
0.755625
0.756250
0.756875
0.757500
0.758125
0.758750
0.759375
0.760000
0.760625
0.761250
0.761875
0.762500
0.763125
0.763750
0.764375
0.765000
0.765625
0.766250
0.766875
0.767500
0.768125
0.768750
0.769375
0.770000
0.770625
0.771250
0.771875
0.772500
0.773125
0.773750
0.774375
0.775000
0.775625
0.776250
0.776875
0.777500
0.778125
0.778750
0.779375
0.780000
0.780625
0.781250
0.781875
0.782500
0.783125
0.783750
0.784375
0.785000
0.785625
0.786250
0.786875
0.787500
0.788125
0.788750
0.789375
0.790000
0.790625
0.791250
0.791875
0.792500
0.793125
0.793750
0.794375
0.795000
0.795625
0.796250
0.796875
0.797500
0.798125
0.798750
0.799375
0.800000
0.800625
0.801250
0.801875
0.802500
0.803125
0.803750
0.804375
0.805000
0.805625
0.806250
0.806875
0.807500
0.808125
0.808750
0.809375
0.810000
0.810625
0.811250
0.811875
0.812500
0.813125
0.813750
0.814375
0.815000
0.815625
0.816250
0.816875
0.817500
0.818125
0.818750
0.819375
0.820000
0.820625
0.821250
0.821875
0.822500
0.823125
0.823750
0.824375
0.825000
0.825625
0.826250
0.826875
0.827500
0.828125
0.828750
0.829375
0.830000
0.830625
0.831250
0.831875
0.832500
0.833125
0.833750
0.834375
0.835000
0.835625
0.836250
0.836875
0.837500
0.838125
0.838750
0.839375
0.840000
0.840625
0.841250
0.841875
0.842500
0.843125
0.843750
0.844375
0.845000
0.845625
0.846250
0.846875
0.847500
0.848125
0.848750
0.849375
0.850000
0.850625
0.851250
0.851875
0.852500
0.853125
0.853750
0.854375
0.855000
0.855625
0.856250
0.856875
0.857500
0.858125
0.858750
0.859375
0.860000
0.860625
0.861250
0.861875
0.862500
0.863125
0.863750
0.864375
0.865000
0.865625
0.866250
0.866875
0.867500
0.868125
0.868750
0.869375
0.870000
0.870625
0.871250
0.871875
0.872500
0.873125
0.873750
0.874375
0.875000
0.875625
0.876250
0.876875
0.877500
0.878125
0.878750
0.879375
0.880000
0.880625
0.881250
0.881875
0.882500
0.883125
0.883750
0.884375
0.885000
0.885625
0.886250
0.886875
0.887500
0.888125
0.888750
0.889375
0.890000
0.890625
0.891250
0.891875
0.892500
0.893125
0.893750
0.894375
0.895000
0.895625
0.896250
0.896875
0.897500
0.898125
0.898750
0.899375
0.900000
0.900625
0.901250
0.901875
0.902500
0.903125
0.903750
0.904375
0.905000
0.905625
0.906250
0.906875
0.907500
0.908125
0.908750
0.909375
0.910000
0.910625
0.911250
0.911875
0.912500
0.913125
0.913750
0.914375
0.915000
0.915625
0.916250
0.916875
0.917500
0.918125
0.918750
0.919375
0.920000
0.920625
0.921250
0.921875
0.922500
0.923125
0.923750
0.924375
0.925000
0.925625
0.926250
0.926875
0.927500
0.928125
0.928750
0.929375
0.930000
0.930625
0.931250
0.931875
0.932500
0.933125
0.933750
0.934375
0.935000
0.935625
0.936250
0.936875
0.937500
0.938125
0.938750
0.939375
0.940000
0.940625
0.941250
0.941875
0.942500
0.943125
0.943750
0.944375
0.945000
0.945625
0.946250
0.946875
0.947500
0.948125
0.948750
0.949375
0.950000
0.950625
0.951250
0.951875
0.952500
0.953125
0.953750
0.954375
0.955000
0.955625
0.956250
0.956875
0.957500
0.958125
0.958750
0.959375
0.960000
0.960625
0.961250
0.961875
0.962500
0.963125
0.963750
0.964375
0.965000
0.965625
0.966250
0.966875
0.967500
0.968125
0.968750
0.969375
0.970000
0.970625
0.971250
0.971875
0.972500
0.973125
0.973750
0.974375
0.975000
0.975625
0.976250
0.976875
0.977500
0.978125
0.978750
0.979375
0.980000
0.980625
0.981250
0.981875
0.982500
0.983125
0.983750
0.984375
0.985000
0.985625
0.986250
0.986875
0.987500
0.988125
0.988750
0.989375
0.990000
0.990625
0.991250
0.991875
0.992500
0.993125
0.993750
0.994375
0.995000
0.995625
0.996250
0.996875
0.997500
0.998125
0.998750
0.999375
1.000000
1.000625
1.001250
1.001875
1.002500
1.003125
1.003750
1.004375
1.005000
1.005625
1.006250
1.006875
1.007500
1.008125
1.008750
1.009375
1.010000
1.010625
1.011250
1.011875
1.012500
1.013125
1.013750
1.014375
1.015000
1.015625
1.016250
1.016875
1.017500
1.018125
1.018750
1.019375
1.020000
1.020625
1.021250
1.021875
1.022500
1.023125
1.023750
1.024375
1.025000
1.025625
1.026250
1.026875
1.027500
1.028125
1.028750
1.029375
1.030000
1.030625
1.031250
1.031875
1.032500
1.033125
1.033750
1.034375
1.035000
1.035625
1.036250
1.036875
1.037500
1.038125
1.038750
1.039375
1.040000
1.040625
1.041250
1.041875
1.042500
1.043125
1.043750
1.044375
1.045000
1.045625
1.046250
1.046875
1.047500
1.048125
1.048750
1.049375
1.050000
1.050625
1.051250
1.051875
1.052500
1.053125
1.053750
1.054375
1.055000
1.055625
1.056250
1.056875
1.057500
1.058125
1.058750
1.059375
1.060000
1.060625
1.061250
1.061875
1.062500
1.063125
1.063750
1.064375
1.065000
1.065625
1.066250
1.066875
1.067500
1.068125
1.068750
1.069375
1.070000
1.070625
1.071250
1.071875
1.072500
1.073125
1.073750
1.074375
1.075000
1.075625
1.076250
1.076875
1.077500
1.078125
1.078750
1.079375
1.080000
1.080625
1.081250
1.081875
1.082500
1.083125
1.083750
1.084375
1.085000
1.085625
1.086250
1.086875
1.087500
1.088125
1.088750
1.089375
1.090000
1.090625
1.091250
1.091875
1.092500
1.093125
1.093750
1.094375
1.095000
1.095625
1.096250
1.096875
1.097500
1.098125
1.098750
1.099375
1.100000
1.100625
1.101250
1.101875
1.102500
1.103125
1.103750
1.104375
1.105000
1.105625
1.106250
1.106875
1.107500
1.108125
1.108750
1.109375
1.110000
1.110625
1.111250
1.111875
1.112500
1.113125
1.113750
1.114375
1.115000
1.115625
1.116250
1.116875
1.117500
1.118125
1.118750
1.119375
1.120000
1.120625
1.121250
1.121875
1.122500
1.123125
1.123750
1.124375
1.125000
1.125625
1.126250
1.126875
1.127500
1.128125
1.128750
1.129375
1.130000
1.130625
1.131250
1.131875
1.132500
1.133125
1.133750
1.134375
1.135000
1.135625
1.136250
1.136875
1.137500
1.138125
1.138750
1.139375
1.140000
1.140625
1.141250
1.141875
1.142500
1.143125
1.143750
1.144375
1.145000
1.145625
1.146250
1.146875
1.147500
1.148125
1.148750
1.149375
1.150000
1.150625
1.151250
1.151875
1.152500
1.153125
1.153750
1.154375
1.155000
1.155625
1.156250
1.156875
1.157500
1.158125
1.158750
1.159375
1.160000
1.160625
1.161250
1.161875
1.162500
1.163125
1.163750
1.164375
1.165000
1.165625
1.166250
1.166875
1.167500
1.168125
1.168750
1.169375
1.170000
1.170625
1.171250
1.171875
1.172500
1.173125
1.173750
1.174375
1.175000
1.175625
1.176250
1.176875
1.177500
1.178125
1.178750
1.179375
1.180000
1.180625
1.181250
1.181875
1.182500
1.183125
1.183750
1.184375
1.185000
1.185625
1.186250
1.186875
1.187500
1.188125
1.188750
1.189375
1.190000
1.190625
1.191250
1.191875
1.192500
1.193125
1.193750
1.194375
1.195000
1.195625
1.196250
1.196875
1.197500
1.198125
1.198750
1.199375
1.200000
1.200625
1.201250
1.201875
1.202500
1.203125
1.203750
1.204375
1.205000
1.205625
1.206250
1.206875
1.207500
1.208125
1.208750
1.209375
1.210000
1.210625
1.211250
1.211875
1.212500
1.213125
1.213750
1.214375
1.215000
1.215625
1.216250
1.216875
1.217500
1.218125
1.218750
1.219375
1.220000
1.220625
1.221250
1.221875
1.222500
1.223125
1.223750
1.224375
1.225000
1.225625
1.226250
1.226875
1.227500
1.228125
1.228750
1.229375
1.230000
1.230625
1.231250
1.231875
1.232500
1.233125
1.233750
1.234375
1.235000
1.235625
1.236250
1.236875
1.237500
1.238125
1.238750
1.239375
1.240000
1.240625
1.241250
1.241875
1.242500
1.243125
1.243750
1.244375
1.245000
1.245625
1.246250
1.246875
1.247500
1.248125
1.248750
1.249375
1.250000
1.250625
1.251250
1.251875
1.252500
1.253125
1.253750
1.254375
1.255000
1.255625
1.256250
1.256875
1.257500
1.258125
1.258750
1.259375
1.260000
1.260625
1.261250
1.261875
1.262500
1.263125
1.263750
1.264375
1.265000
1.265625
1.266250
1.266875
1.267500
1.268125
1.268750
1.269375
1.270000
1.270625
1.271250
1.271875
1.272500
1.273125
1.273750
1.274375
1.275000
1.275625
1.276250
1.276875
1.277500
1.278125
1.278750
1.279375
1.280000
1.280625
1.281250
1.281875
1.282500
1.283125
1.283750
1.284375
1.285000
1.285625
1.286250
1.286875
1.287500
1.288125
1.288750
1.289375
1.290000
1.290625
1.291250
1.291875
1.292500
1.293125
1.293750
1.294375
1.295000
1.295625
1.296250
1.296875
1.297500
1.298125
1.298750
1.299375
1.300000
1.300625
1.301250
1.301875
1.302500
1.303125
1.303750
1.304375
1.305000
1.305625
1.306250
1.306875
1.307500
1.308125
1.308750
1.309375
1.310000
1.310625
1.311250
1.311875
1.312500
1.313125
1.313750
1.314375
1.315000
1.315625
1.316250
1.316875
1.317500
1.318125
1.318750
1.319375
1.320000
1.320625
1.321250
1.321875
1.322500
1.323125
1.323750
1.324375
1.325000
1.325625
1.326250
1.326875
1.327500
1.328125
1.328750
1.329375
1.330000
1.330625
1.331250
1.331875
1.332500
1.333125
1.333750
1.334375
1.335000
1.335625
1.336250
1.336875
1.337500
1.338125
1.338750
1.339375
1.340000
1.340625
1.341250
1.341875
1.342500
1.343125
1.343750
1.344375
1.345000
1.345625
1.346250
1.346875
1.347500
1.348125
1.348750
1.349375
1.350000
1.350625
1.351250
1.351875
1.352500
1.353125
1.353750
1.354375
1.355000
1.355625
1.356250
1.356875
1.357500
1.358125
1.358750
1.359375
1.360000
1.360625
1.361250
1.361875
1.362500
1.363125
1.363750
1.364375
1.365000
1.365625
1.366250
1.366875
1.367500
1.368125
1.368750
1.369375
1.370000
1.370625
1.371250
1.371875
1.372500
1.373125
1.373750
1.374375
1.375000
1.375625
1.376250
1.376875
1.377500
1.378125
1.378750
1.379375
1.380000
1.380625
1.381250
1.381875
1.382500
1.383125
1.383750
1.384375
1.385000
1.385625
1.386250
1.386875
1.387500
1.388125
1.388750
1.389375
1.390000
1.390625
1.391250
1.391875
1.392500
1.393125
1.393750
1.394375
1.395000
1.395625
1.396250
1.396875
1.397500
1.398125
1.398750
1.399375
1.400000
1.400625
1.401250
1.401875
1.402500
1.403125
1.403750
1.404375
1.405000
1.405625
1.406250
1.406875
1.407500
1.408125
1.408750
1.409375
1.410000
1.410625
1.411250
1.411875
1.412500
1.413125
1.413750
1.414375
1.415000
1.415625
1.416250
1.416875
1.417500
1.418125
1.418750
1.419375
1.420000
1.420625
1.421250
1.421875
1.422500
1.423125
1.423750
1.424375
1.425000
1.425625
1.426250
1.426875
1.427500
1.428125
1.428750
1.429375
1.430000
1.430625
1.431250
1.431875
1.432500
1.433125
1.433750
1.434375
1.435000
1.435625
1.436250
1.436875
1.437500
1.438125
1.438750
1.439375
1.440000
1.440625
1.441250
1.441875
1.442500
1.443125
1.443750
1.444375
1.445000
1.445625
1.446250
1.446875
1.447500
1.448125
1.448750
1.449375
1.450000
1.450625
1.451250
1.451875
1.452500
1.453125
1.453750
1.454375
1.455000
1.455625
1.456250
1.456875
1.457500
1.458125
1.458750
1.459375
1.460000
1.460625
1.461250
1.461875
1.462500
1.463125
1.463750
1.464375
1.465000
1.465625
1.466250
1.466875
1.467500
1.468125
1.468750
1.469375
1.470000
1.470625
1.471250
1.471875
1.472500
1.473125
1.473750
1.474375
1.475000
1.475625
1.476250
1.476875
1.477500
1.478125
1.478750
1.479375
1.480000
1.480625
1.481250
1.481875
1.482500
1.483125
1.483750
1.484375
1.485000
1.485625
1.486250
1.486875
1.487500
1.488125
1.488750
1.489375
1.490000
1.490625
1.491250
1.491875
1.492500
1.493125
1.493750
1.494375
1.495000
1.495625
1.496250
1.496875
1.497500
1.498125
1.498750
1.499375
1.500000
1.500625
1.501250
1.501875
1.502500
1.503125
1.503750
1.504375
1.505000
1.505625
1.506250
1.506875
1.507500
1.508125
1.508750
1.509375
1.510000
1.510625
1.511250
1.511875
1.512500
1.513125
1.513750
1.514375
1.515000
1.515625
1.516250
1.516875
1.517500
1.518125
1.518750
1.519375
1.520000
1.520625
1.521250
1.521875
1.522500
1.523125
1.523750
1.524375
1.525000
1.525625
1.526250
1.526875
1.527500
1.528125
1.528750
1.529375
1.530000
1.530625
1.531250
1.531875
1.532500
1.533125
1.533750
1.534375
1.535000
1.535625
1.536250
1.536875
1.537500
1.538125
1.538750
1.539375
1.540000
1.540625
1.541250
1.541875
1.542500
1.543125
1.543750
1.544375
1.545000
1.545625
1.546250
1.546875
1.547500
1.548125
1.548750
1.549375
1.550000
1.550625
1.551250
1.551875
1.552500
1.553125
1.553750
1.554375
1.555000
1.555625
1.556250
1.556875
1.557500
1.558125
1.558750
1.559375
1.560000
1.560625
1.561250
1.561875
1.562500
1.563125
1.563750
1.564375
1.565000
1.565625
1.566250
1.566875
1.567500
1.568125
1.568750
1.569375
1.570000
1.570625
1.571250
1.571875
1.572500
1.573125
1.573750
1.574375
1.575000
1.575625
1.576250
1.576875
1.577500
1.578125
1.578750
1.579375
1.580000
1.580625
1.581250
1.581875
1.582500
1.583125
1.583750
1.584375
1.585000
1.585625
1.586250
1.586875
1.587500
1.588125
1.588750
1.589375
1.590000
1.590625
1.591250
1.591875
1.592500
1.593125
1.593750
1.594375
1.595000
1.595625
1.596250
1.596875
1.597500
1.598125
1.598750
1.599375
1.600000
1.600625
1.601250
1.601875
1.602500
1.603125
1.603750
1.604375
1.605000
1.605625
1.606250
1.606875
1.607500
1.608125
1.608750
1.609375
1.610000
1.610625
1.611250
1.611875
1.612500
1.613125
1.613750
1.614375
1.615000
1.615625
1.616250
1.616875
1.617500
1.618125
1.618750
1.619375
1.620000
1.620625
1.621250
1.621875
1.622500
1.623125
1.623750
1.624375
1.625000
1.625625
1.626250
1.626875
1.627500
1.628125
1.628750
1.629375
1.630000
1.630625
1.631250
1.631875
1.632500
1.633125
1.633750
1.634375
1.635000
1.635625
1.636250
1.636875
1.637500
1.638125
1.638750
1.639375
1.640000
1.640625
1.641250
1.641875
1.642500
1.643125
1.643750
1.644375
1.645000
1.645625
1.646250
1.646875
1.647500
1.648125
1.648750
1.649375
1.650000
1.650625
1.651250
1.651875
1.652500
1.653125
1.653750
1.654375
1.655000
1.655625
1.656250
1.656875
1.657500
1.658125
1.658750
1.659375
1.660000
1.660625
1.661250
1.661875
1.662500
1.663125
1.663750
1.664375
1.665000
1.665625
1.666250
1.666875
1.667500
1.668125
1.668750
1.669375
1.670000
1.670625
1.671250
1.671875
1.672500
1.673125
1.673750
1.674375
1.675000
1.675625
1.676250
1.676875
1.677500
1.678125
1.678750
1.679375
1.680000
1.680625
1.681250
1.681875
1.682500
1.683125
1.683750
1.684375
1.685000
1.685625
1.686250
1.686875
1.687500
1.688125
1.688750
1.689375
1.690000
1.690625
1.691250
1.691875
1.692500
1.693125
1.693750
1.694375
1.695000
1.695625
1.696250
1.696875
1.697500
1.698125
1.698750
1.699375
1.700000
1.700625
1.701250
1.701875
1.702500
1.703125
1.703750
1.704375
1.705000
1.705625
1.706250
1.706875
1.707500
1.708125
1.708750
1.709375
1.710000
1.710625
1.711250
1.711875
1.712500
1.713125
1.713750
1.714375
1.715000
1.715625
1.716250
1.716875
1.717500
1.718125
1.718750
1.719375
1.720000
1.720625
1.721250
1.721875
1.722500
1.723125
1.723750
1.724375
1.725000
1.725625
1.726250
1.726875
1.727500
1.728125
1.728750
1.729375
1.730000
1.730625
1.731250
1.731875
1.732500
1.733125
1.733750
1.734375
1.735000
1.735625
1.736250
1.736875
1.737500
1.738125
1.738750
1.739375
1.740000
1.740625
1.741250
1.741875
1.742500
1.743125
1.743750
1.744375
1.745000
1.745625
1.746250
1.746875
1.747500
1.748125
1.748750
1.749375
1.750000
1.750625
1.751250
1.751875
1.752500
1.753125
1.753750
1.754375
1.755000
1.755625
1.756250
1.756875
1.757500
1.758125
1.758750
1.759375
1.760000
1.760625
1.761250
1.761875
1.762500
1.763125
1.763750
1.764375
1.765000
1.765625
1.766250
1.766875
1.767500
1.768125
1.768750
1.769375
1.770000
1.770625
1.771250
1.771875
1.772500
1.773125
1.773750
1.774375
1.775000
1.775625
1.776250
1.776875
1.777500
1.778125
1.778750
1.779375
1.780000
1.780625
1.781250
1.781875
1.782500
1.783125
1.783750
1.784375
1.785000
1.785625
1.786250
1.786875
1.787500
1.788125
1.788750
1.789375
1.790000
1.790625
1.791250
1.791875
1.792500
1.793125
1.793750
1.794375
1.795000
1.795625
1.796250
1.796875
1.797500
1.798125
1.798750
1.799375
1.800000
1.800625
1.801250
1.801875
1.802500
1.803125
1.803750
1.804375
1.805000
1.805625
1.806250
1.806875
1.807500
1.808125
1.808750
1.809375
1.810000
1.810625
1.811250
1.811875
1.812500
1.813125
1.813750
1.814375
1.815000
1.815625
1.816250
1.816875
1.817500
1.818125
1.818750
1.819375
1.820000
1.820625
1.821250
1.821875
1.822500
1.823125
1.823750
1.824375
1.825000
1.825625
1.826250
1.826875
1.827500
1.828125
1.828750
1.829375
1.830000
1.830625
1.831250
1.831875
1.832500
1.833125
1.833750
1.834375
1.835000
1.835625
1.836250
1.836875
1.837500
1.838125
1.838750
1.839375
1.840000
1.840625
1.841250
1.841875
1.842500
1.843125
1.843750
1.844375
1.845000
1.845625
1.846250
1.846875
1.847500
1.848125
1.848750
1.849375
1.850000
1.850625
1.851250
1.851875
1.852500
1.853125
1.853750
1.854375
1.855000
1.855625
1.856250
1.856875
1.857500
1.858125
1.858750
1.859375
1.860000
1.860625
1.861250
1.861875
1.862500
1.863125
1.863750
1.864375
1.865000
1.865625
1.866250
1.866875
1.867500
1.868125
1.868750
1.869375
1.870000
1.870625
1.871250
1.871875
1.872500
1.873125
1.873750
1.874375
1.875000
1.875625
1.876250
1.876875
1.877500
1.878125
1.878750
1.879375
1.880000
1.880625
1.881250
1.881875
1.882500
1.883125
1.883750
1.884375
1.885000
1.885625
1.886250
1.886875
1.887500
1.888125
1.888750
1.889375
1.890000
1.890625
1.891250
1.891875
1.892500
1.893125
1.893750
1.894375
1.895000
1.895625
1.896250
1.896875
1.897500
1.898125
1.898750
1.899375
1.900000
1.900625
1.901250
1.901875
1.902500
1.903125
1.903750
1.904375
1.905000
1.905625
1.906250
1.906875
1.907500
1.908125
1.908750
1.909375
1.910000
1.910625
1.911250
1.911875
1.912500
1.913125
1.913750
1.914375
1.915000
1.915625
1.916250
1.916875
1.917500
1.918125
1.918750
1.919375
1.920000
1.920625
1.921250
1.921875
1.922500
1.923125
1.923750
1.924375
1.925000
1.925625
1.926250
1.926875
1.927500
1.928125
1.928750
1.929375
1.930000
1.930625
1.931250
1.931875
1.932500
1.933125
1.933750
1.934375
1.935000
1.935625
1.936250
1.936875
1.937500
1.938125
1.938750
1.939375
1.940000
1.940625
1.941250
1.941875
1.942500
1.943125
1.943750
1.944375
1.945000
1.945625
1.946250
1.946875
1.947500
1.948125
1.948750
1.949375
1.950000
1.950625
1.951250
1.951875
1.952500
1.953125
1.953750
1.954375
1.955000
1.955625
1.956250
1.956875
1.957500
1.958125
1.958750
1.959375
1.960000
1.960625
1.961250
1.961875
1.962500
1.963125
1.963750
1.964375
1.965000
1.965625
1.966250
1.966875
1.967500
1.968125
1.968750
1.969375
1.970000
1.970625
1.971250
1.971875
1.972500
1.973125
1.973750
1.974375
1.975000
1.975625
1.976250
1.976875
1.977500
1.978125
1.978750
1.979375
1.980000
1.980625
1.981250
1.981875
1.982500
1.983125
1.983750
1.984375
1.985000
1.985625
1.986250
1.986875
1.987500
1.988125
1.988750
1.989375
1.990000
1.990625
1.991250
1.991875
1.992500
1.993125
1.993750
1.994375
1.995000
1.995625
1.996250
1.996875
1.997500
1.998125
1.998750
1.999375
2.000000
